11 7
12 7
13 7
14 7
15 7
16 7
17 7
18 7
19 7
20 7
11 8
12 8
13 8
14 8
15 8
16 8
17 8
18 8
19 8
20 8
11 9
12 9
13 9
14 9
15 9
16 9
17 9
18 9
19 9
20 9
11 10
12 10
13 10
14 10
15 10
16 10
17 10
18 10
19 10
20 10
11 11
12 11
13 11
14 11
15 11
16 11
17 11
18 11
19 11
20 11
11 12
12 12
13 12
14 12
15 12
16 12
17 12
18 12
19 12
20 12
11 13
12 13
13 13
14 13
15 13
16 13
17 13
18 13
19 13
20 13
11 14
12 14
13 14
14 14
15 14
16 14
17 14
18 14
19 14
20 14
11 15
12 15
13 15
14 15
15 15
16 15
17 15
18 15
19 15
20 15
11 16
12 16
13 16
14 16
15 16
16 16
17 16
18 16
19 16
20 16